114015
199857246
270608959
296231780
319547543
416343245
428811085
467923218
491826242
539686427
565675375
569090965
619219532
713885328
722965260
744345140
762317120
792874723
805425954
853862059
860491461
927647517
939923605
947103379
947741155
950809346
963616795
998991377
1004467095
1075612633
1086107099
1185848773
1280961842
1305990552
1376540270
1406321397
1448269620
1468290281
1469977520
1534381580
1578574149
1585698684
1645445146
1675275449
1700791861
1715429394
1725039009
1999986733
2065120439
5104110853
5124227850
5129443010
5170833808
5189481093
5204150629
5230934806
5254820496
5259391423
5282677659
5310254637
5367341224
5402768392
5547996838
5559662393
5569462340
5748542661
5769466074
6043020859
6051876031
6061871039
6130172427
6132944338
6274027554
6358313879
6576739491
6613100420
6785338511
6827080025
6905048232
7060930593
7224976578
7245022641
7253636620
7313864634
7344521672
7357504201
7455101528
7578240007
7593295769
7598033109
7619988243
7669080232
7702477002
7818110120
7825012156
7988195484
8008415610
8025016522
8059393220
8075180985
8075419374
8151483142
8281592442
8298790295
8305037685
8319035083
8330517739
8374350891
8374769742
8395223636
8451353610
8452144146
8459850181
8508156078
8533417938
8535612440
8582384700
8583990050
8586660236
8591495043
8593591764
